date,Negative,Neutral,Positive,Positive - Negative
2020-10-31,0,0,1,1
2020-11-13,0,0,1,1
2020-11-21,0,1,0,0
2020-11-28,0,1,0,0
2020-12-01,1,0,0,-1
2020-12-02,0,0,3,3
2020-12-03,1,3,7,6
2020-12-04,4,5,15,11
2020-12-05,9,6,15,6
2020-12-06,2,1,6,4
2020-12-07,4,15,25,21
2020-12-08,18,15,43,25
2020-12-09,31,13,44,13
2020-12-10,17,11,29,12
2020-12-11,28,9,33,5
2020-12-12,8,14,28,20
2020-12-13,5,9,15,10
2020-12-14,7,14,43,36
2020-12-15,19,13,49,30
2020-12-16,10,15,86,76
2020-12-17,12,20,100,88
2020-12-18,12,23,61,49
2020-12-19,2,22,32,30
2020-12-20,4,14,20,16
2020-12-21,20,23,39,19
2020-12-22,18,31,29,11
2020-12-23,6,15,36,30
2020-12-24,11,17,22,11
2020-12-25,2,11,24,22
2020-12-26,1,5,25,24
2020-12-27,3,10,35,32
2020-12-28,9,23,22,13
2020-12-29,9,22,32,23
2020-12-30,2,19,34,32
2020-12-31,7,17,37,30
2021-01-01,8,11,25,17
2021-01-02,4,7,28,24
2021-01-03,3,7,27,24
2021-01-04,25,9,25,0
2021-01-05,14,15,40,26
2021-01-06,1,19,51,50
2021-01-07,7,50,39,32
2021-01-08,10,44,52,42
2021-01-09,6,13,26,20
2021-01-10,2,13,20,18
2021-01-11,40,31,14,-26
2021-01-12,30,38,29,-1
2021-01-13,24,24,38,14
2021-01-14,18,24,54,36
2021-01-15,16,32,38,22
2021-01-16,15,33,11,-4
2021-01-17,11,13,12,1
2021-01-18,12,44,17,5
2021-01-19,17,28,21,4
2021-01-20,21,16,18,-3
2021-01-21,41,27,29,-12
2021-01-22,44,22,28,-16
2021-01-23,9,22,26,17
2021-01-24,9,15,10,1
2021-01-25,13,23,29,16
2021-01-26,21,19,29,8
2021-01-27,21,22,37,16
2021-01-28,24,29,32,8
2021-01-29,8,16,53,45
2021-01-30,8,17,28,20
2021-01-31,6,15,9,3
2021-02-01,8,16,36,28
2021-02-02,8,26,36,28
2021-02-03,4,17,51,47
2021-02-04,7,20,42,35
2021-02-05,8,17,32,24
2021-02-06,5,16,19,14
2021-02-07,3,7,18,15
2021-02-08,6,13,64,58
2021-02-09,2,30,81,79
2021-02-10,11,26,58,47
2021-02-11,22,22,65,43
2021-02-12,4,26,85,81
2021-02-13,3,19,35,32
2021-02-14,6,6,28,22
2021-02-15,15,16,26,11
2021-02-16,5,17,69,64
2021-02-17,18,27,76,58
2021-02-18,11,42,54,43
2021-02-19,9,33,49,40
2021-02-20,2,21,43,41
2021-02-21,2,21,16,14
2021-02-22,28,21,11,-17
2021-02-23,43,38,23,-20
2021-02-24,22,30,45,23
2021-02-25,11,47,34,23
2021-02-26,27,33,17,-10
2021-02-27,11,27,12,1
2021-02-28,9,17,5,-4
2021-03-01,7,11,5,-2
2021-03-02,10,15,39,29
2021-03-03,7,34,26,19
2021-03-04,11,31,17,6
2021-03-05,15,35,28,13
2021-03-06,4,15,7,3
2021-03-07,1,12,12,11
2021-03-08,6,31,30,24
2021-03-09,6,20,36,30
2021-03-10,3,30,34,31
2021-03-11,4,33,32,28
2021-03-12,3,35,21,18
2021-03-13,0,18,24,24
2021-03-14,0,11,13,13
2021-03-15,21,26,25,4
2021-03-16,21,26,20,-1
2021-03-17,15,29,45,30
2021-03-18,15,29,39,24
2021-03-19,13,23,37,24
2021-03-20,3,11,7,4
2021-03-21,8,10,3,-5
2021-03-22,9,22,42,33
2021-03-23,16,26,22,6
2021-03-24,12,15,53,41
2021-03-25,26,16,33,7
2021-03-26,4,20,30,26
2021-03-27,8,13,11,3
2021-03-28,2,15,9,7
2021-03-29,3,27,33,30
2021-03-30,4,26,40,36
2021-03-31,13,23,48,35
2021-04-01,3,31,34,31
2021-04-02,2,22,25,23
2021-04-03,0,14,12,12
2021-04-04,3,12,7,4
2021-04-05,5,36,34,29
2021-04-06,8,14,21,13
2021-04-07,17,20,18,1
2021-04-08,13,20,25,12
2021-04-09,11,24,22,11
2021-04-10,4,21,15,11
2021-04-11,0,14,13,13
2021-04-12,3,19,31,28
2021-04-13,7,25,35,28
2021-04-14,9,30,22,13
2021-04-15,6,22,24,18
2021-04-16,11,17,17,6
2021-04-17,2,7,12,10
2021-04-18,19,11,6,-13
2021-04-19,23,21,17,-6
2021-04-20,8,12,22,14
2021-04-21,20,19,18,-2
2021-04-22,15,38,17,2
2021-04-23,37,18,17,-20
2021-04-24,4,18,9,5
2021-04-25,7,8,10,3
2021-04-26,9,26,32,23
2021-04-27,7,28,25,18
2021-04-28,12,32,21,9
2021-04-29,6,21,28,22
2021-04-30,9,23,17,8
2021-05-01,3,12,11,8
2021-05-02,8,9,7,-1
2021-05-03,5,21,24,19
2021-05-04,6,21,33,27
2021-05-05,11,28,41,30
2021-05-06,4,34,46,42
2021-05-07,8,35,38,30
2021-05-08,2,14,10,8
2021-05-09,1,10,7,6
2021-05-10,6,20,27,21
2021-05-11,12,27,44,32
2021-05-12,25,30,36,11
2021-05-13,56,49,27,-29
2021-05-14,16,36,29,13
2021-05-15,6,15,18,12
2021-05-16,24,12,10,-14
2021-05-17,52,53,33,-19
2021-05-18,31,28,51,20
2021-05-19,108,26,33,-75
2021-05-20,48,38,33,-15
2021-05-21,35,49,19,-16
2021-05-22,22,22,11,-11
2021-05-23,20,16,5,-15
2021-05-24,41,41,69,28
2021-05-25,22,55,50,28
2021-05-26,35,49,36,1
2021-05-27,22,45,33,11
2021-05-28,39,40,15,-24
2021-05-29,13,18,12,-1
2021-05-30,11,10,9,-2
2021-05-31,22,38,32,10
2021-06-01,29,33,39,10
2021-06-02,21,42,35,14
2021-06-03,18,42,44,26
2021-06-04,48,49,56,8
2021-06-05,7,16,45,38
2021-06-06,12,18,31,19
2021-06-07,33,42,94,61
2021-06-08,60,61,61,1
2021-06-09,30,53,91,61
2021-06-10,46,60,61,15
2021-06-11,36,58,42,6
2021-06-12,18,17,28,10
2021-06-13,7,13,28,21
2021-06-14,16,41,109,93
2021-06-15,18,39,73,55
2021-06-16,24,46,48,24
2021-06-17,46,44,45,-1
2021-06-18,49,43,63,14
2021-06-19,18,14,17,-1
2021-06-20,23,10,13,-10
2021-06-21,68,36,40,-28
2021-06-22,78,47,37,-41
2021-06-23,29,50,67,38
2021-06-24,46,39,53,7
2021-06-25,26,44,63,37
2021-06-26,24,16,15,-9
2021-06-27,13,13,21,8
2021-06-28,25,37,77,52
2021-06-29,30,40,71,41
2021-06-30,24,42,50,26
2021-07-01,25,40,40,15
2021-07-02,20,36,46,26
2021-07-03,6,26,19,13
2021-07-04,7,8,18,11
2021-07-05,16,37,21,5
2021-07-06,38,30,27,-11
2021-07-07,19,23,39,20
2021-07-08,41,41,25,-16
2021-07-09,41,30,43,2
2021-07-10,14,12,21,7
2021-07-11,3,6,12,9
2021-07-12,27,37,43,16
2021-07-13,36,47,44,8
2021-07-14,42,43,38,-4
2021-07-15,33,42,40,7
2021-07-16,23,37,40,17
2021-07-17,15,10,23,8
2021-07-18,11,12,24,13
2021-07-19,42,48,20,-22
2021-07-20,66,41,22,-44
2021-07-21,15,41,82,67
2021-07-22,15,37,85,70
2021-07-23,15,42,44,29
2021-07-24,5,20,30,25
2021-07-25,4,15,15,11
2021-07-26,16,45,92,76
2021-07-27,37,42,40,3
2021-07-28,11,38,64,53
2021-07-29,18,41,60,42
2021-07-30,22,31,58,36
2021-07-31,5,16,38,33
2021-08-01,3,15,21,18
2021-08-02,30,35,75,45
2021-08-03,23,32,62,39
2021-08-04,22,25,50,28
2021-08-05,16,32,64,48
2021-08-06,6,26,56,50
2021-08-07,3,12,25,22
2021-08-08,2,8,27,25
2021-08-09,18,27,72,54
2021-08-10,17,36,61,44
2021-08-11,8,24,52,44
2021-08-12,21,23,46,25
2021-08-13,11,39,38,27
2021-08-14,3,10,27,24
2021-08-15,1,15,20,19
2021-08-16,12,20,33,21
2021-08-17,16,25,38,22
2021-08-18,15,38,47,32
2021-08-19,24,28,36,12
2021-08-20,14,33,64,50
2021-08-21,8,9,32,24
2021-08-22,3,13,23,20
2021-08-23,8,25,94,86
2021-08-24,25,28,73,48
2021-08-25,24,30,48,24
2021-08-26,18,27,33,15
2021-08-27,17,31,50,33
2021-08-28,4,17,19,15
2021-08-29,5,16,15,10
2021-08-30,21,29,35,14
2021-08-31,19,16,51,32
2021-09-01,19,19,50,31
2021-09-02,10,28,48,38
2021-09-03,9,42,29,20
2021-09-04,2,9,20,18
2021-09-05,6,14,15,9
2021-09-06,6,26,65,59
2021-09-07,49,29,82,33
2021-09-08,54,35,55,1
2021-09-09,27,41,45,18
2021-09-10,22,30,37,15
2021-09-11,9,18,22,13
2021-09-12,5,12,19,14
2021-09-13,25,33,54,29
2021-09-14,14,29,61,47
2021-09-15,17,21,60,43
2021-09-16,15,40,50,35
2021-09-17,20,28,32,12
2021-09-18,5,11,27,22
2021-09-19,9,11,16,7
2021-09-20,48,14,43,-5
2021-09-21,26,28,45,19
2021-09-22,26,25,54,28
2021-09-23,11,18,66,55
2021-09-24,45,28,34,-11
2021-09-25,9,18,15,6
2021-09-26,5,10,21,16
2021-09-27,19,24,49,30
2021-09-28,28,16,43,15
2021-09-29,10,25,64,54
2021-09-30,15,23,60,45
2021-10-01,6,15,90,84
2021-10-02,1,13,14,13
2021-10-03,1,9,23,22
2021-10-04,10,20,81,71
2021-10-05,8,25,99,91
2021-10-06,8,17,80,72
2021-10-07,5,22,66,61
2021-10-08,9,16,87,78
2021-10-09,9,13,33,24
2021-10-10,10,9,31,21
2021-10-11,12,34,91,79
2021-10-12,15,28,65,50
2021-10-13,26,25,90,64
2021-10-14,17,29,83,66
2021-10-15,12,47,104,92
2021-10-16,7,16,52,45
2021-10-17,12,17,30,18
2021-10-18,14,52,94,80
2021-10-19,16,39,106,90
2021-10-20,7,31,147,140
2021-10-21,26,49,90,64
2021-10-22,21,30,65,44
2021-10-23,10,22,20,10
2021-10-24,5,21,19,14
2021-10-25,8,52,59,51
2021-10-26,6,31,74,68
2021-10-27,39,40,34,-5
2021-10-28,18,24,56,38
2021-10-29,9,16,43,34
2021-10-30,3,11,22,19
2021-10-31,7,20,15,8
2021-11-01,7,18,64,57
2021-11-02,6,24,61,55
2021-11-03,6,58,42,36
2021-11-04,12,47,38,26
2021-11-05,8,23,52,44
2021-11-06,3,10,20,17
2021-11-07,4,8,16,12
2021-11-08,6,25,78,72
2021-11-09,9,23,76,67
2021-11-10,14,30,58,44
2021-11-11,16,34,45,29
2021-11-12,25,26,55,30
2021-11-13,19,14,22,3
2021-11-14,5,10,32,27
2021-11-15,7,37,60,53
2021-11-16,56,26,50,-6
2021-11-17,32,37,44,12
2021-11-18,29,38,34,5
2021-11-19,39,28,27,-12
2021-11-20,10,24,21,11
2021-11-21,6,8,34,28
2021-11-22,33,30,36,3
2021-11-23,31,32,40,9
2021-11-24,15,22,38,23
2021-11-25,16,29,19,3
2021-11-26,46,23,22,-24
2021-11-27,8,12,14,6
2021-11-28,7,12,9,2
2021-11-29,13,30,77,64
2021-11-30,10,40,33,23
2021-12-01,18,44,44,26
2021-12-02,36,33,23,-13
2021-12-03,28,37,12,-16
2021-12-04,44,19,10,-34
2021-12-05,14,19,7,-7
2021-12-06,49,37,25,-24
2021-12-07,13,40,59,46
2021-12-08,16,35,33,17
2021-12-09,33,34,34,1
2021-12-10,31,40,28,-3
2021-12-11,12,21,18,6
2021-12-12,6,15,15,9
2021-12-13,33,32,22,-11
2021-12-14,24,41,26,2
2021-12-15,20,37,49,29
2021-12-16,13,34,34,21
2021-12-17,25,27,28,3
2021-12-18,13,16,17,4
2021-12-19,3,16,16,13
2021-12-20,32,39,19,-13
2021-12-21,7,44,51,44
2021-12-22,8,40,39,31
2021-12-23,12,32,36,24
2021-12-24,7,33,41,34
2021-12-25,6,13,13,7
2021-12-26,5,15,12,7
2021-12-27,8,26,39,31
2021-12-28,39,25,13,-26
2021-12-29,26,46,22,-4
2021-12-30,14,35,42,28
2021-12-31,13,21,31,18
2022-01-01,11,13,9,-2
2022-01-02,7,11,19,12
2022-01-03,10,44,52,42
2022-01-04,22,29,35,13
2022-01-05,37,28,58,21
2022-01-06,76,29,30,-46
2022-01-07,56,25,23,-33
2022-01-08,17,14,15,-2
2022-01-09,15,20,6,-9
2022-01-10,60,27,47,-13
2022-01-11,34,32,59,25
2022-01-12,24,26,79,55
2022-01-13,15,30,53,38
2022-01-14,27,24,46,19
2022-01-15,8,12,26,18
2022-01-16,2,11,17,15
2022-01-17,33,22,33,0
2022-01-18,27,21,35,8
2022-01-19,27,23,40,13
2022-01-20,30,34,43,13
2022-01-21,81,35,24,-57
2022-01-22,41,9,14,-27
2022-01-23,20,15,14,-6
2022-01-24,59,42,22,-37
2022-01-25,47,34,44,-3
2022-01-26,44,46,40,-4
2022-01-27,48,22,32,-16
2022-01-28,31,37,28,-3
2022-01-29,11,28,12,1
2022-01-30,14,24,17,3
2022-01-31,28,25,33,5
2022-02-01,40,39,68,28
2022-02-02,35,44,44,9
2022-02-03,40,39,30,-10
2022-02-04,11,32,54,43
2022-02-05,8,24,41,33
2022-02-06,5,14,11,6
2022-02-07,20,33,75,55
2022-02-08,15,45,57,42
2022-02-09,25,47,44,19
2022-02-10,18,35,46,28
2022-02-11,22,38,34,12
2022-02-12,24,14,17,-7
2022-02-13,5,11,20,15
2022-02-14,20,31,34,14
2022-02-15,9,32,58,49
2022-02-16,23,25,45,22
2022-02-17,44,35,24,-20
2022-02-18,51,35,29,-22
2022-02-19,20,14,5,-15
2022-02-20,16,13,10,-6
2022-02-21,33,31,31,-2
2022-02-22,62,19,27,-35
2022-02-23,25,46,43,18
2022-02-24,73,33,28,-45
2022-02-25,13,42,58,45
2022-02-26,6,21,22,16
2022-02-27,13,18,10,-3
2022-02-28,19,37,54,35
2022-03-01,4,28,104,100
2022-03-02,11,38,52,41
2022-03-03,17,40,40,23
2022-03-04,36,29,35,-1
2022-03-05,14,14,14,0
2022-03-06,11,15,7,-4
2022-03-07,28,36,28,0
2022-03-08,21,27,23,2
2022-03-09,5,19,64,59
2022-03-10,28,41,29,1
2022-03-11,32,41,28,-4
2022-03-12,14,23,14,0
2022-03-13,10,22,12,2
2022-03-14,26,47,40,14
2022-03-15,25,34,34,9
2022-03-16,15,41,49,34
2022-03-17,7,29,41,34
2022-03-18,9,20,33,24
2022-03-19,4,9,20,16
2022-03-20,4,18,10,6
2022-03-21,20,26,49,29
2022-03-22,12,36,62,50
2022-03-23,27,39,42,15
2022-03-24,16,37,59,43
2022-03-25,9,32,68,59
2022-03-26,7,17,16,9
2022-03-27,4,9,25,21
2022-03-28,5,35,77,72
2022-03-29,21,36,89,68
2022-03-30,15,47,50,35
2022-03-31,22,39,45,23
2022-04-01,31,46,33,2
2022-04-02,9,21,16,7
2022-04-03,4,15,16,12
2022-04-04,14,45,37,23
2022-04-05,14,43,61,47
2022-04-06,35,64,56,21
2022-04-07,35,56,73,38
2022-04-08,28,61,79,51
2022-04-09,10,31,19,9
2022-04-10,7,15,29,22
2022-04-11,52,50,28,-24
2022-04-12,32,37,25,-7
2022-04-13,14,42,34,20
2022-04-14,13,28,34,21
2022-04-15,20,18,23,3
2022-04-16,11,17,16,5
2022-04-17,13,12,10,-3
2022-04-18,46,34,16,-30
2022-04-19,12,29,48,36
2022-04-20,21,36,50,29
2022-04-21,19,31,41,22
2022-04-22,42,40,14,-28
2022-04-23,17,25,14,-3
2022-04-24,18,16,14,-4
2022-04-25,33,33,32,-1
2022-04-26,21,42,72,51
2022-04-27,35,65,50,15
2022-04-28,15,47,61,46
2022-04-29,40,45,33,-7
2022-04-30,22,25,15,-7
2022-05-01,18,9,14,-4
2022-05-02,33,49,24,-9
2022-05-03,24,35,24,0
2022-05-04,24,44,53,29
2022-05-05,42,37,54,12
2022-05-06,72,29,26,-46
2022-05-07,31,15,12,-19
2022-05-08,35,10,8,-27
2022-05-09,96,43,23,-73
2022-05-10,62,63,35,-27
2022-05-11,54,43,22,-32
2022-05-12,67,42,37,-30
2022-05-13,22,36,60,38
2022-05-14,22,35,15,-7
2022-05-15,7,19,11,4
2022-05-16,57,59,39,-18
2022-05-17,22,55,36,14
2022-05-18,28,39,18,-10
2022-05-19,35,40,23,-12
2022-05-20,24,32,31,7
2022-05-21,13,25,10,-3
2022-05-22,16,15,12,-4
2022-05-23,27,31,51,24
2022-05-24,36,31,37,1
2022-05-25,27,40,36,9
2022-05-26,32,26,38,6
2022-05-27,23,18,22,-1
2022-05-28,22,12,19,-3
2022-05-29,11,10,7,-4
2022-05-30,11,30,47,36
2022-05-31,7,26,51,44
2022-06-01,26,37,32,6
2022-06-02,45,34,23,-22
2022-06-03,64,35,25,-39
2022-06-04,16,27,9,-7
2022-06-05,15,16,13,-2
2022-06-06,19,52,67,48
2022-06-07,57,54,32,-25
2022-06-08,25,40,48,23
2022-06-09,31,35,40,9
2022-06-10,44,36,32,-12
2022-06-11,19,15,18,-1
2022-06-12,20,13,13,-7
2022-06-13,144,28,13,-131
2022-06-14,128,42,11,-117
2022-06-15,84,42,32,-52
2022-06-16,51,42,51,0
2022-06-17,62,20,26,-36
2022-06-18,69,16,10,-59
2022-06-19,27,21,16,-11
2022-06-20,46,47,40,-6
2022-06-21,61,47,59,-2
2022-06-22,56,46,36,-20
2022-06-23,42,51,34,-8
2022-06-24,22,24,43,21
2022-06-25,20,22,10,-10
2022-06-26,13,5,22,9
2022-06-27,38,36,29,-9
2022-06-28,31,64,21,-10
2022-06-29,58,35,47,-11
2022-06-30,108,47,37,-71
2022-07-01,65,43,42,-23
2022-07-02,28,33,9,-19
2022-07-03,19,13,9,-10
2022-07-04,42,31,16,-26
2022-07-05,46,33,35,-11
2022-07-06,46,41,38,-8
2022-07-07,36,41,36,0
2022-07-08,28,28,65,37
2022-07-09,9,10,29,20
2022-07-10,17,11,19,2
2022-07-11,59,24,22,-37
2022-07-12,61,24,26,-35
2022-07-13,61,44,25,-36
2022-07-14,42,36,37,-5
2022-07-15,22,25,49,27
2022-07-16,17,19,17,0
2022-07-17,10,16,15,5
2022-07-18,22,30,73,51
2022-07-19,20,47,60,40
2022-07-20,25,54,71,46
2022-07-21,57,56,37,-20
2022-07-22,40,29,29,-11
2022-07-23,12,24,7,-5
2022-07-24,12,13,13,1
2022-07-25,52,31,22,-30
2022-07-26,55,33,28,-27
2022-07-27,15,35,41,26
2022-07-28,16,22,65,49
2022-07-29,13,21,62,49
2022-07-30,6,14,19,13
2022-07-31,8,11,19,11
2022-08-01,22,31,43,21
2022-08-02,32,37,19,-13
2022-08-03,21,62,48,27
2022-08-04,21,45,48,27
2022-08-05,21,31,38,17
2022-08-06,12,23,16,4
2022-08-07,5,12,14,9
2022-08-08,9,32,60,51
2022-08-09,26,28,43,17
2022-08-10,16,30,49,33
2022-08-11,7,46,41,34
2022-08-12,17,38,40,23
2022-08-13,7,26,17,10
2022-08-14,5,13,20,15
2022-08-15,26,35,27,1
2022-08-16,36,23,33,-3
2022-08-17,40,41,26,-14
2022-08-18,29,38,21,-8
2022-08-19,68,25,13,-55
2022-08-20,20,12,18,-2
2022-08-21,10,10,11,1
2022-08-22,54,33,16,-38
2022-08-23,44,44,23,-21
2022-08-24,27,27,28,1
2022-08-25,30,41,27,-3
2022-08-26,41,30,28,-13
2022-08-27,37,16,6,-31
2022-08-28,25,15,13,-12
2022-08-29,56,25,27,-29
2022-08-30,32,28,29,-3
2022-08-31,32,43,27,-5
2022-09-01,45,29,19,-26
2022-09-02,39,31,22,-17
2022-09-03,18,26,7,-11
2022-09-04,19,23,7,-12
2022-09-05,27,29,21,-6
2022-09-06,30,32,25,-5
2022-09-07,74,44,18,-56
2022-09-08,40,30,34,-6
2022-09-09,12,19,69,57
2022-09-10,9,17,34,25
2022-09-11,6,10,23,17
2022-09-12,18,27,66,48
2022-09-13,49,33,54,5
2022-09-14,58,43,20,-38
2022-09-15,30,34,23,-7
2022-09-16,36,25,23,-13
2022-09-17,10,14,15,5
2022-09-18,13,12,13,0
2022-09-19,68,28,11,-57
2022-09-20,22,32,54,32
2022-09-21,36,40,30,-6
2022-09-22,36,24,31,-5
2022-09-23,33,20,16,-17
2022-09-24,9,20,13,4
2022-09-25,11,9,7,-4
2022-09-26,42,20,25,-17
2022-09-27,20,32,72,52
2022-09-28,47,25,39,-8
2022-09-29,23,24,54,31
2022-09-30,24,27,48,24
2022-10-01,10,17,12,2
2022-10-02,14,8,20,6
2022-10-03,22,21,56,34
2022-10-04,16,26,79,63
2022-10-05,21,30,62,41
2022-10-06,14,22,60,46
2022-10-07,41,24,35,-6
2022-10-08,17,20,13,-4
2022-10-09,11,8,12,1
2022-10-10,34,36,44,10
2022-10-11,47,28,40,-7
2022-10-12,53,27,48,-5
2022-10-13,51,20,30,-21
2022-10-14,24,27,66,42
2022-10-15,10,17,18,8
2022-10-16,13,10,16,3
2022-10-17,29,27,44,15
2022-10-18,27,26,48,21
2022-10-19,35,28,50,15
2022-10-20,26,36,57,31
2022-10-21,26,19,29,3
2022-10-22,8,21,23,15
2022-10-23,9,10,24,15
2022-10-24,27,27,47,20
2022-10-25,32,35,52,20
2022-10-26,14,29,71,57
2022-10-27,23,38,37,14
2022-10-28,19,25,25,6
2022-10-29,6,8,34,28
2022-10-30,3,10,24,21
2022-10-31,21,32,27,6
2022-11-01,22,30,34,12
2022-11-02,29,34,48,19
2022-11-03,23,21,37,14
2022-11-04,6,27,43,37
2022-11-05,8,14,30,22
2022-11-06,9,15,18,9
2022-11-07,48,29,27,-21
2022-11-08,66,27,20,-46
2022-11-09,58,16,10,-48
2022-11-10,61,28,28,-33
2022-11-11,34,34,16,-18
2022-11-12,16,15,3,-13
2022-11-13,11,13,10,-1
2022-11-14,30,39,27,-3
2022-11-15,20,27,33,13
2022-11-16,36,21,27,-9
2022-11-17,31,30,25,-6
2022-11-18,26,22,27,1
2022-11-19,21,22,12,-9
2022-11-20,20,10,9,-11
2022-11-21,59,29,13,-46
2022-11-22,67,32,23,-44
2022-11-23,26,43,55,29
2022-11-24,28,21,29,1
2022-11-25,22,37,24,2
2022-11-26,11,18,7,-4
2022-11-27,12,10,17,5
2022-11-28,57,34,22,-35
2022-11-29,27,32,36,9
2022-11-30,28,17,49,21
2022-12-01,23,29,27,4
2022-12-02,22,23,18,-4
2022-12-03,10,15,16,6
2022-12-04,4,12,17,13
2022-12-05,25,40,34,9
2022-12-06,40,42,14,-26
2022-12-07,36,34,25,-11
2022-12-08,19,40,17,-2
2022-12-09,13,30,25,12
2022-12-10,19,7,12,-7
2022-12-11,8,9,16,8
2022-12-12,37,32,29,-8
2022-12-13,12,30,49,37
2022-12-14,28,29,44,16
2022-12-15,39,27,21,-18
2022-12-16,24,22,17,-7
2022-12-17,16,13,1,-15
2022-12-18,7,11,7,0
2022-12-19,20,33,24,4
2022-12-20,20,40,27,7
2022-12-21,51,34,25,-26
2022-12-22,21,32,25,4
2022-12-23,18,23,37,19
2022-12-24,6,12,15,9
2022-12-25,9,14,13,4
2022-12-26,23,19,28,5
2022-12-27,28,21,25,-3
2022-12-28,33,41,37,4
2022-12-29,22,25,26,4
2022-12-30,25,29,15,-10
2022-12-31,1,0,0,-1
2023-01-01,6,8,21,15
2023-01-02,27,22,16,-11
2023-01-03,19,42,39,20
2023-01-04,18,25,34,16
2023-01-05,14,17,16,2
2023-01-06,21,26,19,-2
2023-01-07,9,7,8,-1
2023-01-08,9,11,10,1
2023-01-09,7,27,48,41
2023-01-10,17,20,43,26
2023-01-11,7,19,40,33
2023-01-12,10,34,103,93
2023-01-13,8,20,63,55
2023-01-14,2,6,50,48
2023-01-15,7,14,25,18
2023-01-16,17,32,59,42
2023-01-17,11,27,54,43
2023-01-18,27,30,59,32
2023-01-19,47,19,36,-11
2023-01-20,18,29,50,32
2023-01-21,6,7,39,33
2023-01-22,5,10,18,13
2023-01-23,13,38,69,56
2023-01-24,17,41,65,48
2023-01-25,26,37,63,37
2023-01-26,11,33,64,53
2023-01-27,20,26,60,40
2023-01-28,1,18,18,17
2023-01-29,2,13,21,19
2023-01-30,16,42,82,66
2023-01-31,19,40,50,31
2023-02-01,12,38,66,54
2023-02-02,20,27,68,48
2023-02-03,26,51,48,22
2023-02-04,7,21,23,16
2023-02-05,10,11,20,10
2023-02-06,22,37,34,12
2023-02-07,15,36,45,30
2023-02-08,8,34,53,45
2023-02-09,28,33,37,9
2023-02-10,39,25,28,-11
2023-02-11,6,17,13,7
2023-02-12,8,18,17,9
2023-02-13,29,31,40,11
2023-02-14,20,33,57,37
2023-02-15,7,38,82,75
2023-02-16,7,28,108,101
2023-02-17,29,29,39,10
2023-02-18,5,17,19,14
2023-02-19,3,9,28,25
2023-02-20,11,30,41,30
2023-02-21,19,30,51,32
2023-02-22,21,32,32,11
2023-02-23,21,32,30,9
2023-02-24,27,42,19,-8
2023-02-25,15,15,10,-5
2023-02-26,4,13,6,2
2023-02-27,24,44,34,10
2023-02-28,20,41,47,27
2023-03-01,8,25,41,33
2023-03-02,19,39,35,16
2023-03-03,60,31,28,-32
2023-03-04,15,9,17,2
2023-03-05,7,9,13,6
2023-03-06,39,31,52,13
2023-03-07,39,25,49,10
2023-03-08,54,35,38,-16
2023-03-09,75,23,23,-52
2023-03-10,74,12,21,-53
2023-03-11,20,5,11,-9
2023-03-12,4,8,15,11
2023-03-13,14,13,102,88
2023-03-14,20,20,103,83
2023-03-15,29,33,60,31
2023-03-16,23,28,50,27
2023-03-17,6,15,90,84
2023-03-18,4,11,35,31
2023-03-19,11,10,38,27
2023-03-20,20,25,93,73
2023-03-21,22,24,88,66
2023-03-22,19,28,83,64
2023-03-23,29,16,53,24
2023-03-24,24,18,62,38
2023-03-25,13,15,30,17
2023-03-26,11,4,28,17
2023-03-27,32,30,74,42
2023-03-28,38,22,56,18
2023-03-29,13,15,70,57
2023-03-30,16,20,66,50
2023-03-31,26,36,56,30
2023-04-01,9,13,35,26
2023-04-02,7,5,23,16
2023-04-03,25,20,62,37
2023-04-04,23,17,59,36
2023-04-05,15,16,84,69
2023-04-06,21,34,50,29
2023-04-07,18,30,42,24
2023-04-08,12,8,22,10
2023-04-09,12,7,22,10
2023-04-10,13,24,84,71
2023-04-11,20,22,154,134
2023-04-12,33,28,71,38
2023-04-13,13,12,89,76
2023-04-14,8,20,53,45
2023-04-15,12,8,28,16
2023-04-16,8,4,18,10
2023-04-17,35,20,48,13
2023-04-18,29,14,73,44
2023-04-19,48,22,51,3
2023-04-20,40,16,34,-6
2023-04-21,49,14,38,-11
2023-04-22,15,7,12,-3
2023-04-23,13,9,10,-3
2023-04-24,24,24,56,32
2023-04-25,35,22,40,5
2023-04-26,25,30,78,53
2023-04-27,31,30,40,9
2023-04-28,29,27,64,35
2023-04-29,6,6,31,25
2023-04-30,8,15,37,29
2023-05-01,39,20,50,11
2023-05-02,33,19,57,24
2023-05-03,31,40,64,33
2023-05-04,17,11,61,44
2023-05-05,18,16,47,29
2023-05-06,7,12,17,10
2023-05-07,13,6,20,7
2023-05-08,84,30,67,-17
2023-05-09,55,21,71,16
2023-05-10,42,27,74,32
2023-05-11,50,26,38,-12
2023-05-12,57,17,27,-30
2023-05-13,12,14,18,6
2023-05-14,13,9,17,4
2023-05-15,26,21,75,49
2023-05-16,22,29,54,32
2023-05-17,20,17,70,50
2023-05-18,24,21,71,47
2023-05-19,28,27,59,31
2023-05-20,11,17,28,17
2023-05-21,7,9,33,26
2023-05-22,31,42,64,33
2023-05-23,25,21,55,30
2023-05-24,35,22,45,10
2023-05-25,42,24,55,13
2023-05-26,24,28,52,28
2023-05-27,4,11,31,27
2023-05-28,7,9,34,27
2023-05-29,12,7,73,61
2023-05-30,34,25,72,38
2023-05-31,33,18,55,22
2023-06-01,28,20,43,15
2023-06-02,23,27,73,50
2023-06-03,14,14,33,19
2023-06-04,7,10,21,14
2023-06-05,38,20,53,15
2023-06-06,40,11,40,0
2023-06-07,15,18,48,33
2023-06-08,18,23,34,16
2023-06-09,20,28,33,13
2023-06-10,16,8,14,-2
2023-06-11,12,7,8,-4
2023-06-12,21,23,33,12
2023-06-13,26,22,48,22
2023-06-14,42,34,57,15
2023-06-15,58,27,62,4
2023-06-16,18,22,76,58
2023-06-17,6,10,34,28
2023-06-18,5,13,21,16
2023-06-19,19,15,46,27
2023-06-20,14,21,98,84
2023-06-21,10,22,172,162
2023-06-22,17,11,115,98
2023-06-23,16,20,94,78
2023-06-24,5,13,33,28
2023-06-25,4,7,27,23
2023-06-26,31,17,111,80
2023-06-27,21,23,84,63
2023-06-28,16,29,106,90
2023-06-29,9,18,84,75
2023-06-30,34,41,61,27
2023-07-01,6,24,41,35
2023-07-02,9,9,17,8
2023-07-03,18,23,86,68
2023-07-04,9,27,83,74
2023-07-05,13,29,96,83
2023-07-06,20,29,130,110
2023-07-07,31,44,87,56
2023-07-08,7,9,43,36
2023-07-09,7,13,35,28
2023-07-10,29,32,114,85
2023-07-11,14,19,97,83
2023-07-12,31,36,101,70
2023-07-13,21,20,82,61
2023-07-14,8,12,67,59
2023-07-15,8,6,23,15
2023-07-16,5,8,13,8
2023-07-17,18,28,67,49
2023-07-18,22,21,63,41
2023-07-19,19,14,76,57
2023-07-20,6,23,74,68
2023-07-21,19,25,39,20
2023-07-22,12,15,20,8
2023-07-23,9,6,18,9
2023-07-24,28,25,53,25
2023-07-25,31,17,50,19
2023-07-26,25,17,67,42
2023-07-27,16,20,80,64
2023-07-28,24,31,47,23
2023-07-29,5,10,20,15
2023-07-30,7,6,20,13
2023-07-31,40,27,54,14
2023-08-01,39,24,43,4
2023-08-02,23,14,107,84
2023-08-03,25,15,67,42
2023-08-04,17,19,67,50
2023-08-05,8,6,31,23
2023-08-06,8,6,29,21
2023-08-07,29,27,39,10
2023-08-08,10,29,74,64
2023-08-09,18,18,83,65
2023-08-10,24,21,60,36
2023-08-11,24,31,42,18
2023-08-12,6,15,20,14
2023-08-13,12,17,23,11
2023-08-14,38,27,58,20
2023-08-15,15,21,73,58
2023-08-16,26,28,53,27
2023-08-17,68,20,55,-13
2023-08-18,106,13,15,-91
2023-08-19,36,3,15,-21
2023-08-20,18,9,13,-5
2023-08-21,47,22,35,-12
2023-08-22,43,19,46,3
2023-08-23,61,31,40,-21
2023-08-24,23,23,66,43
2023-08-25,30,23,49,19
2023-08-26,15,17,27,12
2023-08-27,11,7,21,10
2023-08-28,40,21,49,9
2023-08-29,38,28,128,90
2023-08-30,32,19,103,71
2023-08-31,43,21,83,40
2023-09-01,79,17,44,-35
2023-09-02,19,8,13,-6
2023-09-03,16,10,26,10
2023-09-04,22,23,50,28
2023-09-05,31,17,62,31
2023-09-06,25,26,75,50
2023-09-07,19,28,49,30
2023-09-08,30,27,55,25
2023-09-09,12,11,23,11
2023-09-10,13,4,13,0
2023-09-11,54,23,32,-22
2023-09-12,24,24,76,52
2023-09-13,20,26,71,51
2023-09-14,11,17,66,55
2023-09-15,12,18,65,53
2023-09-16,4,12,29,25
2023-09-17,3,5,22,19
2023-09-18,14,13,78,64
2023-09-19,12,21,73,61
2023-09-20,10,34,77,67
2023-09-21,44,20,50,6
2023-09-22,31,24,48,17
2023-09-23,9,13,38,29
2023-09-24,7,15,36,29
2023-09-25,31,26,66,35
2023-09-26,31,29,61,30
2023-09-27,48,20,45,-3
2023-09-28,22,26,50,28
2023-09-29,33,13,70,37
2023-09-30,15,7,36,21
2023-10-01,8,10,30,22
2023-10-02,8,16,88,80
2023-10-03,23,13,59,36
2023-10-04,17,17,62,45
2023-10-05,0,2,8,8
2023-10-06,16,10,52,36
2023-10-07,10,6,27,17
2023-10-08,6,4,27,21
2023-10-09,26,19,58,32
2023-10-10,27,19,72,45
2023-10-11,33,11,56,23
2023-10-12,47,22,53,6
2023-10-13,36,25,57,21
2023-10-14,13,10,38,25
2023-10-15,3,8,40,37
2023-10-16,41,23,112,71
2023-10-17,24,20,67,43
2023-10-18,16,15,114,98
2023-10-19,12,29,116,104
2023-10-20,4,15,120,116
2023-10-21,6,7,57,51
2023-10-22,17,10,37,20
2023-10-23,20,25,143,123
2023-10-24,25,25,204,179
2023-10-25,23,26,111,88
2023-10-26,14,36,96,82
2023-10-27,19,19,77,58
2023-10-28,7,8,36,29
2023-10-29,5,12,40,35
2023-10-30,13,16,112,99
2023-10-31,12,27,134,122
2023-11-01,11,20,98,87
2023-11-02,11,13,132,121
2023-11-03,20,17,96,76
2023-11-04,9,11,48,39
2023-11-05,3,3,9,6
2023-11-06,17,14,69,52
2023-11-07,10,14,72,62
2023-11-08,11,12,72,61
2023-11-09,9,17,136,127
2023-11-10,12,12,86,74
2023-11-11,10,5,74,64
2023-11-12,4,10,36,32
2023-11-13,14,14,91,77
2023-11-14,27,25,69,42
2023-11-15,33,17,72,39
2023-11-16,24,13,83,59
2023-11-17,27,21,94,67
2023-11-18,14,23,36,22
2023-11-19,10,11,35,25
2023-11-20,9,10,108,99
2023-11-21,15,22,76,61
2023-11-22,30,16,68,38
2023-11-23,18,19,94,76
2023-11-24,30,20,76,46
2023-11-25,18,9,71,53
2023-11-26,10,3,43,33
2023-11-27,20,11,62,42
2023-11-28,17,27,78,61
2023-11-29,13,28,114,101
2023-11-30,20,34,129,109
2023-12-01,11,14,132,121
2023-12-02,8,11,96,88
2023-12-03,4,4,48,44
2023-12-04,10,12,222,212
2023-12-05,15,20,166,151
2023-12-06,10,9,104,94
2023-12-07,32,22,113,81
2023-12-08,11,14,65,54
2023-12-09,2,10,25,23
2023-12-10,4,3,21,17
2023-12-11,41,13,28,-13
2023-12-12,23,16,53,30
2023-12-13,17,12,47,30
2023-12-14,8,5,62,54
2023-12-15,4,15,48,44
2023-12-16,9,4,24,15
2023-12-17,0,2,23,23
2023-12-19,12,13,66,54
2023-12-20,3,15,53,50
2023-12-21,14,7,61,47
2023-12-22,8,20,97,89
2023-12-23,7,6,25,18
2023-12-24,4,1,23,19
2023-12-25,11,7,21,10
2023-12-26,20,9,37,17
2023-12-27,14,13,73,59
2023-12-28,11,9,42,31
2023-12-29,13,17,33,20
2023-12-30,10,12,21,11
2023-12-31,1,6,15,14
2024-01-01,2,15,24,22
2024-01-02,14,8,88,74
2024-01-03,36,10,53,17
2024-01-05,19,11,50,31
2024-01-06,10,13,24,14
2024-01-07,5,6,17,12
2024-01-08,9,25,90,81
2024-01-09,16,27,64,48
2024-01-10,51,21,56,5
2024-01-11,16,17,111,95
2024-01-14,12,6,29,17
2024-01-15,21,8,44,23
2024-01-16,24,10,25,1
2024-01-17,33,5,59,26
2024-01-18,29,7,45,16
2024-01-19,46,11,67,21
2024-01-21,10,2,18,8
2024-01-22,35,9,26,-9
2024-01-23,72,12,37,-35
2024-01-24,30,14,50,20
2024-01-25,21,11,46,25
2024-01-26,22,11,52,30
2024-01-27,9,9,28,19
2024-01-28,3,2,26,23
2024-01-29,13,8,74,61
2024-01-30,9,7,88,79
2024-01-31,26,7,46,20
2024-02-01,17,7,53,36
2024-02-02,8,6,51,43
2024-02-03,8,5,24,16
2024-02-04,5,2,14,9
2024-02-05,16,12,58,42
2024-02-06,14,10,45,31
2024-02-07,12,8,36,24
2024-02-08,3,2,58,55
2024-02-09,1,3,66,65
2024-02-10,4,3,31,27
2024-02-11,2,0,34,32
2024-02-12,11,7,76,65
2024-02-13,11,3,102,91
2024-02-14,17,5,90,73
2024-02-15,16,7,81,65
2024-02-16,5,4,89,84
2024-02-18,7,1,39,32
2024-02-19,23,1,69,46
2024-02-20,19,4,59,40
2024-02-21,14,3,48,34
2024-02-22,24,4,41,17
2024-02-23,15,7,80,65
2024-02-24,8,3,40,32
2024-02-25,6,5,25,19
2024-02-26,13,2,58,45
2024-02-27,8,0,125,117
2024-02-28,5,1,127,122
2024-02-29,21,1,110,89
2024-03-03,4,3,27,23
2024-03-04,12,4,111,99
2024-03-05,22,4,104,82
2024-03-06,29,6,98,69
2024-03-07,13,1,83,70
2024-03-08,14,0,78,64
2024-03-09,5,0,39,34
2024-03-11,9,0,170,161
2024-03-12,29,1,120,91
2024-03-13,31,3,110,79
2024-03-15,65,8,74,9
2024-03-16,17,0,36,19
2024-03-17,14,1,26,12
2024-03-18,21,8,62,41
2024-03-19,66,2,80,14
2024-03-20,57,3,67,10
2024-03-21,19,1,60,41
2024-03-22,30,4,44,14
2024-03-23,16,3,31,15
2024-03-24,5,1,24,19
2024-03-25,13,5,62,49
2024-03-26,11,4,96,85
2024-03-27,19,2,78,59
2024-03-28,9,4,72,63
2024-03-29,16,3,55,39
2024-03-31,3,1,26,23
2024-04-01,20,2,64,44
2024-04-02,62,3,43,-19
2024-04-03,49,8,64,15
2024-04-04,33,0,77,44
2024-04-05,21,5,81,60
2024-04-07,1,3,33,32
2024-04-08,13,2,103,90
2024-04-09,40,2,79,39
2024-04-10,43,5,83,40
2024-04-11,12,3,107,95
2024-04-12,24,8,88,64
2024-04-13,21,2,17,-4
2024-04-14,21,3,17,-4
2024-04-15,37,2,111,74
2024-04-16,50,7,69,19
2024-04-17,30,7,76,46
2024-04-18,59,3,66,7
2024-04-21,2,0,48,46
2024-04-22,26,3,93,67
2024-04-25,67,4,63,-4
2024-04-26,40,4,64,24
2024-04-27,35,3,27,-8
2024-04-28,16,1,19,3
2024-04-29,31,8,72,41
2024-04-30,56,2,77,21
2024-05-01,76,3,38,-38
2024-05-02,64,3,65,1
2024-05-03,23,4,94,71
2024-05-04,10,1,51,41
2024-05-05,8,0,24,16
2024-05-06,11,3,115,104
2024-05-07,22,2,81,59
2024-05-08,24,5,52,28
2024-05-09,25,0,51,26
2024-05-10,19,4,60,41
2024-05-11,19,1,19,0
2024-05-12,14,0,28,14
2024-05-13,25,3,73,48
2024-05-14,32,16,61,29
2024-05-16,13,4,137,124
2024-05-17,13,10,69,56
2024-05-19,7,5,21,14
2024-05-20,17,12,62,45
2024-05-21,3,3,65,62
2024-05-22,12,12,72,60
2024-05-23,11,11,41,30
2024-05-24,13,10,46,33
2024-05-25,2,3,29,27
2024-05-26,3,0,29,26
2024-05-27,2,3,44,42
2024-05-28,41,14,68,27
2024-05-29,15,6,77,62
2024-05-30,9,10,50,41
2024-05-31,16,21,56,40
2024-06-01,7,5,19,12
2024-06-02,3,8,24,21
2024-06-03,8,10,80,72
2024-06-04,8,12,82,74
2024-06-06,11,16,79,68
2024-06-07,7,15,89,82
2024-06-08,16,8,17,1
2024-06-09,3,13,18,15
2024-06-11,53,17,42,-11
2024-06-12,32,20,74,42
2024-06-13,11,14,63,52
2024-06-14,41,10,52,11
2024-06-15,18,2,27,9
2024-06-16,6,4,23,17
2024-06-17,15,16,53,38
2024-06-18,64,7,40,-24
2024-06-19,38,10,38,0
2024-06-20,22,16,71,49
2024-06-21,52,14,56,4
2024-06-23,14,4,20,6
2024-06-24,82,14,71,-11
2024-06-25,65,31,52,-13
2024-06-26,20,14,70,50
2024-06-27,38,22,47,9
2024-06-28,25,18,61,36
2024-06-29,18,6,24,6
2024-06-30,19,3,12,-7
2024-07-01,24,15,72,48
2024-07-02,24,16,73,49
2024-07-03,45,13,55,10
2024-07-04,82,13,37,-45
2024-07-05,110,20,28,-82
2024-07-06,25,10,29,4
2024-07-07,13,11,27,14
2024-07-08,51,24,57,6
2024-07-09,30,24,71,41
2024-07-10,32,20,92,60
2024-07-11,31,18,73,42
2024-07-12,52,17,43,-9
2024-07-13,13,2,36,23
2024-07-14,4,6,32,28
2024-07-15,15,12,97,82
2024-07-16,35,14,110,75
2024-07-17,12,5,80,68
2024-07-18,24,11,70,46
2024-07-19,21,9,60,39
2024-07-20,3,0,37,34
2024-07-21,3,4,26,23
2024-07-22,8,14,93,85
2024-07-23,28,22,70,42
2024-07-24,30,27,69,39
2024-07-26,16,10,100,84
2024-07-28,6,6,40,34
2024-07-29,14,8,117,103
2024-07-30,46,20,55,9
2024-07-31,27,18,60,33
2024-08-01,38,14,65,27
2024-08-02,28,17,66,38
2024-08-03,30,4,20,-10
2024-08-04,17,2,19,2
2024-08-05,116,15,31,-85
2024-08-06,89,35,110,21
2024-08-07,57,39,119,62
2024-08-08,36,23,106,70
2024-08-09,33,20,128,95
2024-08-10,24,14,56,32
2024-08-11,16,14,35,19
2024-08-12,59,18,64,5
2024-08-13,38,27,91,53
2024-08-14,36,27,141,105
2024-08-15,56,33,93,37
2024-08-16,79,22,91,12
2024-08-17,36,25,73,37
2024-08-18,15,8,51,36
2024-08-19,42,34,74,32
2024-08-20,31,20,117,86
2024-08-21,59,28,113,54
2024-08-22,28,19,105,77
2024-08-23,29,31,115,86
2024-08-24,9,17,78,69
2024-08-25,12,13,38,26
2024-08-26,24,24,97,73
2024-08-27,30,22,121,91
2024-08-28,69,23,85,16
2024-08-29,52,28,74,22
2024-08-30,64,23,82,18
2024-08-31,27,23,46,19
2024-09-01,18,17,20,2
2024-09-02,70,24,43,-27
2024-09-03,52,28,67,15
2024-09-04,125,21,68,-57
2024-09-05,81,9,58,-23
2024-09-06,91,23,62,-29
2024-09-07,67,11,25,-42
2024-09-08,25,13,36,11
2024-09-09,48,29,93,45
2024-09-10,34,35,139,105
2024-09-11,47,36,121,74
2024-09-12,37,25,113,76
2024-09-13,40,30,107,67
2024-09-14,18,8,71,53
2024-09-15,15,10,43,28
2024-09-16,58,13,78,20
2024-09-17,45,25,131,86
2024-09-18,23,19,107,84
2024-09-19,22,15,162,140
2024-09-20,20,24,136,116
2024-09-21,11,14,97,86
2024-09-22,7,11,50,43
2024-09-23,13,12,82,69
2024-09-24,16,28,75,59
2024-09-25,13,30,115,102
2024-09-26,21,28,122,101
2024-09-27,16,14,133,117
2024-09-28,2,4,49,47
2024-09-29,8,9,55,47
2024-09-30,31,28,82,51
2024-10-01,39,21,91,52
2024-10-02,93,23,68,-25
2024-10-03,60,26,81,21
2024-10-04,54,51,72,18
2024-10-05,21,24,65,44
2024-10-06,17,8,45,28
2024-10-07,22,21,100,78
2024-10-08,40,44,105,65
2024-10-09,46,54,82,36
2024-10-10,65,36,54,-11
2024-10-11,55,39,73,18
2024-10-12,19,13,59,40
2024-10-13,12,12,28,16
2024-10-14,26,19,119,93
2024-10-15,16,28,143,127
2024-10-16,39,35,139,100
2024-10-17,53,30,129,76
2024-10-18,30,29,131,101
2024-10-19,11,11,102,91
2024-10-20,17,13,48,31
2024-10-21,40,15,115,75
2024-10-22,47,32,102,55
2024-10-23,57,34,126,69
2024-10-24,40,30,140,100
2024-10-25,37,38,138,101
2024-10-26,23,22,71,48
2024-10-27,13,12,46,33
2024-10-28,17,21,139,122
2024-10-29,19,29,208,189
2024-10-30,16,24,187,171
2024-10-31,30,20,158,128
2024-11-01,52,30,122,70
2024-11-02,26,19,59,33
2024-11-03,6,4,16,10
2024-11-04,28,27,62,34
2024-11-05,69,38,107,38
2024-11-06,32,23,150,118
2024-11-07,4,12,104,100
2024-11-08,9,14,163,154
2024-11-09,11,11,107,96
2024-11-10,8,5,81,73
2024-11-11,13,19,208,195
2024-11-12,31,21,257,226
2024-11-13,26,21,187,161
2024-11-14,15,20,159,144
2024-11-15,44,23,168,124
2024-11-16,15,15,95,80
2024-11-17,13,10,54,41
2024-11-18,17,24,162,145
2024-11-19,12,20,209,197
2024-11-20,13,19,234,221
2024-11-21,21,24,208,187
2024-11-22,19,29,175,156
2024-11-23,8,9,99,91
2024-11-24,13,16,43,30
2024-11-25,40,29,138,98
2024-11-26,97,32,119,22
2024-11-27,57,44,126,69
2024-11-28,29,23,138,109
2024-11-29,17,27,129,112
2024-11-30,4,18,70,66
2024-12-01,10,10,39,29
2024-12-02,22,12,106,84
2024-12-03,38,16,58,20
2024-12-04,44,31,108,64
2024-12-05,30,38,285,255
2024-12-06,75,33,171,96
2024-12-07,11,6,39,28
2024-12-08,7,7,28,21
2024-12-09,38,26,141,103
2024-12-10,90,26,175,85
2024-12-11,60,34,132,72
2024-12-12,31,29,165,134
2024-12-13,19,16,74,55
2024-12-14,13,18,101,88
2024-12-15,14,11,53,39
2024-12-16,17,13,180,163
2024-12-17,17,12,136,119
2024-12-18,50,25,178,128
2024-12-19,88,28,114,26
2024-12-20,103,33,112,9
2024-12-21,24,19,61,37
2024-12-22,16,11,38,22
2024-12-23,52,22,94,42
2024-12-24,59,29,77,18
2024-12-25,25,21,70,45
2024-12-26,47,25,93,46
2024-12-27,45,30,88,43
2024-12-28,28,14,43,15
2024-12-29,10,14,46,36
2024-12-30,46,39,131,85
2024-12-31,38,24,86,48
2025-01-01,11,10,63,52
2025-01-02,18,15,80,62
2025-01-03,34,26,126,92
2025-01-04,9,13,65,56
2025-01-05,12,11,43,31
2025-01-06,29,24,167,138
2025-01-07,45,19,145,100
2025-01-08,87,16,125,38
2025-01-09,115,28,102,-13
2025-01-10,81,33,104,23
2025-01-11,34,12,54,20
2025-01-12,17,21,38,21
2025-01-13,58,30,74,16
2025-01-14,49,37,142,93
2025-01-15,31,37,131,100
2025-01-16,21,22,166,145
2025-01-17,18,19,127,109
2025-01-18,5,6,41,36
2025-01-19,3,8,42,39
2025-01-20,14,18,111,97
2025-01-21,39,23,67,28
2025-01-22,6,13,68,62
2025-01-23,23,15,39,16
2025-01-24,32,15,65,33
2025-01-25,20,22,53,33
2025-01-26,9,12,45,36
2025-01-27,59,27,88,29
2025-01-28,26,19,107,81
2025-01-29,22,27,115,93
2025-01-30,33,19,128,95
2025-01-31,42,38,134,92
2025-02-01,6,13,24,18
2025-02-02,24,7,20,-4
2025-02-03,97,24,62,-35
2025-02-04,49,45,70,21
2025-02-05,47,31,121,74
2025-02-06,30,30,125,95
2025-02-07,25,27,78,53
2025-02-08,25,11,43,18
2025-02-09,26,17,31,5
2025-02-10,52,35,99,47
2025-02-11,26,31,128,102
2025-02-12,63,26,128,65
2025-02-13,53,36,118,65
2025-02-14,22,7,31,9
